use_muscle true
con_hz 30
sim_hz 600
skel_file /data/human.xml
muscle_file /data/muscle284.xml
bvh_file /data/motion/walk.bvh true
reward_param 0.75 0.1 0.0 0.15
walking_param 0 1.12620703 0.994335964 0.0323409929 0.0377988437 0.0692930964 0.6655576 1.6860002 0.3297349 1.4576854
walking_param 20 0.9529737358 0.8080297151 0.02508595114 0.02225320798 0.04421889347 0.6567348 1.39839 0.3624201 1.3239088
walking_param 30 0.9158506655 0.7880050552 0.02772452640 0.02906793442 0.04899931048 0.5785648 1.3156576 0.3407235 1.3377723
walking_param 60 0.8755451448 0.7435198328 0.02817863267 0.03000639027 0.05194827755 0.5501308 1.2758808 0.3627217 1.3004285
walking_sample adaptive
muscle_maxforce_ratio 1.5
